105
670528042 10
524548163 21
4 3
2 100
4 1
1000000000 1
103 100
96 99
201 100
4 4
3 5
1 10
199 99
7 3
200 100
999999999 1
273049978 17
2 99
101 99
2 3
999999999 100
345560726 67
999999999 2
999999999 99
7 2
1000000000 94
200 99
1 100
114382 1
195 99
6 2
1000000000 100
97 99
6 3
5 2
4 2
101 100
102 100
3 7
3 2
203 100
128124448 100
198101484 78
692322617 52
3 1
102 99
201 99
142120133 69
417304805 46
829603365 4
1 1
197550894 70
593065517 43
99 99
1000000000 40
5 3
59243198 88
100 100
196 99
4 5
199 100
999999999 3
3 6
538816732 85
4 8
4 6
4 9
5 1
4 7
8 3
198 100
138 6
236088977 100
1000000000 3
997184809 100
2 1
2 2
198 99
3 4
1 99
3 3
3 100
3 99
1000000000 2
800744567 72
289629644 32
98 99
1 73
9 3
417021999 1
2 5
146755893 1
197 99
1 3
2 4
1 31
1 2
98 100
100 99
197 100
202 100
99 100
97 100
1000000000 99
558689828 44
